[0.011173144519123527, -0.0023908874972851987, -0.009183071408304693, -0.001856332668137861, -0.01588260950393812, -0.0021375681766588233, 0.0014073742595900095, -0.00748858033724979, -0.00432282900170753, 0.9527142470532067, -0.004107696407064716, -0.00019839037210484957, -0.06452452373653858, 0.003477296269715446, -0.0032344176451432633, -0.14863261428861846, -0.21838259411295532, -0.009618508777056327, 0.002778194074105586, -4.0552465702252024e-05, 6.083702409182189]
[0.0024778487841017934, 0.0016332946729561478, -0.2534457863459896, -0.02609640091572544, -0.0010846446888869662, 0.013201714288546804, 0.00042264773314287167, 0.003546069447847932, -0.001855624288720653, 0.10071041069132407, -0.0007369538752054688, 0.0007224023039708382, -0.010132903056633821, -0.1054335376848969, 0.002444492763213841, 0.0003738924345505276, -0.016113038524442343, 0.00043220797434944714, -0.013631124152209245, -5.85298861825201, 5.2501196301400785]
[0.02600496049839004, 0.0017036356261310801, -0.0007486862656624014, -0.0019413145733560735, -0.033381561387818816, 0.049191165691499644, -0.006821772413899849, -0.17941227916705027, -0.0006082316837088463, 0.0015850231942689354, 0.0021321893793025608, 0.004039228073931558, 1.3710379271744227e-05, -6.793989223471901e-05, -0.1456268426888009, -0.021897146179806155, 0.014135910120937867, -2.027746554792687, -0.07373584310493939, 0.0035173037282264547, 4.482129535411117]
[0.005410305832319166, 0.004129529703792684, -0.021529122500765784, -1.0718625302774791, -0.02332790865693353, 0.0328976813323044, -0.019258839374825996, -0.006433089882108886, -0.11507489336058746, 0.08732997464963395, 0.00658774756248207, -0.03827644731138357, -0.00046718724354944443, 0.03939120875117618, -0.0006482455170352683, 0.0013354667970719048, -0.008389626310987712, -0.7078162570069931, -0.0013704640462602216, 0.0006415985861861714, 5.101957185555995]
[0.0008590123842174854, 0.0026094365166494347, -0.045136124240898044, -0.0014941335527279339, -0.006434709915639393, 0.17681787568771412, -0.004658069383381778, 0.0014030099698227026, -0.00038820399938656796, -0.006064021035394569, -0.0004277758051989309, 0.00011152873877090565, 0.006459971833141777, 0.0003786548244548592, 0.0002897018638785864, -0.014212039474929205, -0.0013253155667196166, -0.015811832464985905, -0.003741052421169798, -0.05324197053100791, 4.934716107863139]
[-0.0009244907541773269, 0.015905152581607334, -0.000730292037945419, -0.06942926792252596, -0.002000279283885901, 0.04077176356737776, -0.00429115868094313, 0.0017305969027373944, -0.00016759807925430253, 0.012384327898924666, -0.0014645380635152593, 0.0032347167704641264, -0.0008428898109209548, 0.0020733847610048253, -0.008930310849005217, -0.0005841477067456288, -0.03966940673975432, -0.1318785063378606, -0.02343593160680808, -0.017882306847559266, 4.852422202357471]
[0.18573088276333527, 0.0016750232727038876, -0.0009636172684943983, -0.027165856083631763, 0.004185054616147963, 0.01611688428140317, 0.0217606069398403, -0.0001127821137588035, 0.00021888564590534355, 0.0007122384912658219, -0.019592864857615275, 0.0005868309251405949, -0.12011935448903537, -0.0021494036275932094, -0.0017030979351669382, -0.007185694259521802, -0.028420697130709962, -0.6533427024713867, -0.026286680782130072, 0.0006150053087143215, 4.468815478554681]
[0.004055110773691665, 0.0007868946160894528, -0.0017283635188169585, 0.0018203496931118459, -0.0394366025441436, 0.08171537577720486, -0.009750775377047457, 0.0015553770590304213, -0.0006118866074335742, 0.0008237467030640733, 0.0027272684819826566, -0.001360702078876641, -0.00017535125358949591, -0.06520900555939577, -0.0002209320397489941, 0.000836964286147898, -0.010245778995129252, -0.02390805163371637, -0.008864302330257295, -0.011617773724513307, 4.097447360891436]
[-0.003478226987344491, 0.007817121895737227, -0.07483579449410688, -0.004405704741810854, -0.00037063765480567604, 0.14402647628848714, -0.0025082846314664164, -0.0009223599824442163, -0.011177101530636196, 0.44273454859706807, -0.06097937534541598, -0.000936875531538756, -0.006076243778319127, -0.004630364646193406, -0.007115282136827862, 0.00019974750049982112, 0.0029313778971994824, -0.3213666655741997, -0.004094922319950291, -0.0005921387345841258, 4.599556857779575]
[-0.0008332588877365111, 0.032450820311552935, 0.000604033852972382, 0.0002480232100718692, -0.02908268546274541, 0.008551018269385447, -0.008203995627146028, 0.016122088598359882, -0.001855003802849654, 0.0037935594187968377, 0.0007535068332928096, -0.016169686620994054, -1.5603745318291267, -0.011212316882078311, -0.033315774728792893, 0.0013967005373459688, 0.0033112599232640993, -0.19615034982688037, -0.0025806963616941576, -0.0004952982970559095, 4.410029846508366]
[0.020461365810835703, 0.009322314270694621, -0.015227195019653582, -0.19897781842169954, -0.0033427409508316954, -1.2609753992217078e-05, 0.0024322509314761366, -0.08665678086912419, -0.00041822158284600234, 0.0030195014606237583, -0.0002937601757970102, 0.013373488146477597, -0.004365347142786528, -0.0006632897975791398, 0.0005722790930308301, -5.368527626873674e-05, -0.01949296498371929, -0.722455166127071, -0.0002131152133801167, 0.009228735681409656, 4.669065156026228]
[0.02834474178847147, -0.0017475499566447607, -0.0014950176689309093, -0.016502071555759484, -0.003392262828345603, 0.008847041057065476, 0.0013696857667554426, 0.0023793779999210342, -0.9033592575108079, -0.031857314700527495, 0.003327884053450223, 0.003900339665704117, -0.0073174492493114016, -0.009004612408711643, -0.00014259053399997022, -0.03418002120035201, -0.00034779884033015075, -0.003941672142878267, 0.0044599170614683424, -0.008614175442677485, 4.197015353034631]
[-0.000227898249609957, 0.00021381119304902151, -0.0037760708633425176, -0.017876122019535187, -0.00879623042232738, 0.014197273554240247, -0.33048004821886234, 0.0072285869398964996, 0.001197989882197609, 0.0020210324955542104, 0.0015420631856234658, 0.0035888804226840818, -0.001495325081122066, -0.00046812548065211756, -0.008614175442677485, -0.0007594939111534283, -0.0026811891864066493, 0.0003041259731951648, -0.01480620375948986, -0.0008380685027866165, 3.7956424972416034]
[0.017467579124388375, 0.005735257322533254, -0.061646546832537084, -0.000757985555879113, -0.022519990098077862, 0.026669351166089445, -0.0021353439210766365, -0.0034535508869133792, -0.21949771013721495, 0.024593776406047495, 0.0027231823636437117, -0.03791963120694065, -0.4410739945128095, -0.0003959219959494719, -0.000738725099410475, 0.0056565509349159595, -3.94138996166171e-05, -0.032609478331731334, -0.0033134377165055175, 0.00014268213033699173, 3.0720526813252502]
[-0.0023465102288029787, 0.002141168056640033, 0.0030019637520810817, 0.0033460970282077783, -0.06028049240818879, 0.0031693464385550243, -0.03712292792951737, 0.0002220162147030055, -0.00041162288900597083, 0.0013582529861080879, 0.00037705726430707257, 0.001018172543867277, -0.08755396372879924, 0.003509193247955875, -0.003325825476043931, -0.003407755534437143, -0.0002251202858513069, -0.009971925057557396, -0.0008400557968925096, -0.002008102512065911, 3.1695386444568494]
[2.4479331869419423, 8.304908693031219e-05, -0.008678417540798665, -0.271852426441156, -0.37263093488053156, 0.0018554076065348225, -0.6741867511581515, 0.0005589156877798197, -0.0008911831948499882, 0.0010271780745923183, 0.004724272121487604, 0.00819658650335201, -0.00031088795053702613, -0.025956017768164693, 0.0024710036751338814, 0.004024003259600306, 0.0046799529808713184, -0.16074917638485495, -0.011943261573662458, -0.0030239775285890677, 2.8937318635355247]
[0.004642737644991741, 0.4684028406062954, -0.0013922670102448037, -0.0012164612632323919, -0.08702342703067578, 0.007297634627773552, -3.481169472093948, 0.0020650036335924287, 2.7434032411266076e-05, -0.0004955145330193327, 0.0016466206946265198, 0.009263497126132114, -0.01806921939956163, 0.011541813835498562, 0.0027371008689970507, -0.0051073528268278275, -0.08078157680400597, -0.04880833188734055, -0.0006401771735055283, -0.0018549179980624625, 2.736090847284325]
[0.0007947728176452483, 0.009505395978223346, -0.014746008137559887, -0.03487576933675049, -0.20813034354644044, 0.012918332841367008, -0.05437378959362414, 0.0114929125918212, -0.0012801073487141, 0.003689728595385391, -0.0047160276193430025, -0.021199883515703184, -0.011214088129070657, 0.0004320612776905691, -0.0030786706915883187, 0.006780076196981056, 0.00710752704841772, -0.0013409181783968981, 0.00491544688524492, 0.0005292135254220839, 1.6067755503671883]
[0.0002452848832564451, 0.689962266268704, -0.008438188268140025, -0.05534529051625147, -0.014804822101602725, 0.05157713523999911, -0.005670853666558338, 0.013558371947205676, 0.0021108101971797195, 0.0008414753936011439, 0.010695796022122462, -0.0006796713946901995, -0.08423394278088835, -0.004809210155992109, 0.0005704783445245079, -0.08459374473007887, 0.01993547471811098, -0.2090207017262661, -0.0021728574827229257, -0.009392063822015106, 1.2052994472512204]
[-0.002219536684453795, 0.0005062946372338237, 0.00024258249391554226, -0.007623484151790746, -0.01949183281349492, 0.09100169520089411, -0.06067827812595469, 0.009186770379909958, -0.0019584745643170453, 0.05802219289174081, 0.0008998194829441012, 0.0036894542260170636, -0.0009634261095689187, 0.0073870318731689, -0.11147387476230974, -0.3296169991557413, -0.001390515756497112, -0.004061579944576966, -0.0012430573549412592, 0.00047196226510281056, 1.1952617332297242]
[0.0014898298879294468, 0.002754231677043626, -0.0048006679690260744, -0.001340645148241598, -0.00224888713810473, 0.006296320536180966, -0.002682865486221158, 0.48765754851334425, -0.08249469798379055, -0.0014241344018944431, -0.018333328779014776, -8.162711965273833e-05, -0.0009054748848509326, 0.0013962065391878713, -0.00023806611455175463, -0.07728020695338725, 0.003484210019704915, -0.007308924068724383, -0.0002283806102082808, 0.002645284332537256, 0.98282655508212]
[0.010824215207122193, 0.009749386510948305, -0.010846746843353279, 0.0002471580733692988, 0.009817557887358557, 1.2757847989285538, -0.050103933858890566, -0.008297073273273049, -0.13252386551006426, -0.00013735041383742925, -0.0006118739276958341, 0.008993437893050949, -1.1860439308776463, 0.008406787369421022, -0.022558583184365613, -0.09025080495635998, 0.001407491066873535, -0.19846705135989434, 0.00018437495188975203, -0.00015778186773745187, 0.1653799648432324]
[0.0005660014745582022, 1.3464138042442328, 0.0012175329984473156, -0.0951796303324539, -0.014634189356075388, 0.1923567061266191, 0.009272624309458983, 0.0007131943017020122, 0.00605577335164442, -0.01772487845340851, -0.0013797272266615848, -0.0432932748368632, 6.966645372677843e-05, 0.039665371140333805, -0.07571993077509795, -0.038377961202783584, 1.0645296025092074e-06, -0.04999978738752929, -0.00855784907117954, 0.00046828029105132053, 0.22714835945441822]
[0.02728779343364501, -0.0002581516744830173, 0.006254870914684507, -0.12856109645992966, 0.0002612460700105039, 0.5795197589632917, -0.06601605932035111, -0.000634475535851164, 0.006757852120444729, 0.004270925040426722, -0.00155231923684989, 0.011133025548390877, -0.16456256185539225, 0.00024743172895045804, -0.005746880641215579, -0.0009259257890324652, -0.002511427075857883, -1.0646733825761043, 0.0053719418308239, -0.001920877297749241, 0.09437492261519509]
[0.0005099327087120132, 0.001981959450969337, -0.016977519198335223, 0.00228022102012595, 0.0022490097620016625, 0.6034618614440953, 0.004036023615145306, -0.0028546619714417045, -0.01019625270253144, 0.008233438891989468, -0.013662035606819098, -0.007221089712308099, 0.0034511910825798793, 0.005480720347928646, 2.942204728067905e-07, -0.003577958841105292, 2.8059700262638942e-05, -0.1638172456358508, -0.06320427744365166, 0.003005463193359717, 0.024899778584359433]
[0.024691588986725372, 0.0067175824425123555, 0.001371691393423175, -0.006370115957883916, -0.013651091705112075, 1.199840103444014, -0.040426131253346986, 0.0007855075662381392, -0.0008425784070221928, 0.002737316658059617, -0.0005910279419877703, -0.000739245053377572, -0.06823329212620602, 0.004076954927040138, -9.756976966443467e-05, -0.028870656164172177, 0.00866518020634486, -0.3356634900763605, -0.00123760715223525, -0.0004163612038273257, 0.00335108855963506]
[0.000836964286147898, 0.23466862964058852, 0.05982586084522403, -0.001724404809333656, -0.000563355108056783, 0.41515804101045617, -0.0008020432686556403, 0.0010564166779562123, -2.7199303510874855e-05, -0.004522182835390802, 0.023277822580419032, -0.0030577492519161136, -1.5667867941306999, -0.00792580978117689, -0.005653323175722186, -0.0009288872435794914, -0.04881477530873055, -0.035256768737819466, -0.0032145231559735058, -0.0003050808173068768, 0.007285889762511731]
[-0.011364550908031713, 0.00019903989763133577, -0.021662206289996697, 0.042599356822403296, 3.4291781737830913, 0.4768730204348221, -0.08370014990390731, -0.00017354060254402547, -0.10371282491134848, 0.0087042447556981, -0.029237852975966584, 0.019597757187932385, 0.0006030193669097965, 0.002591411870144934, -0.49597779571289125, -0.0025333076238286635, -1.5292419055781787, 0.0006312273045788922, -0.0036340277406312696, -0.008802297225161185, -0.00025903685049157086]
[-0.007366490754124403, -0.0033618508267667267, -0.06369014934131557, -0.0012381422056461345, 0.004641838599867195, -0.0046319803331488505, 0.007283881158427589, -0.007115282136827862, -0.008100546583951151, -0.0009158432677222639, 0.00906610304052123, 0.0025377953150747226, -0.7975391592533991, -0.049339465736753005, -0.004391513336125005, 3.5568125108908473, 0.9677583668962905, -0.007745416291788845, -0.00035598232672670957, -0.09563114989126459, -6.270895097467449e-05]
[-13.482795302935477, -0.03973705760503713, 6.2115198478234115, 44.87175299167383, 38.46121711217251, -0.7177970230547243, 0.007557577757566072, 0.02485695218236073, -0.03428932808724064, -8.937357567698882, -9.459575507867875, -0.419809965562848, -1.696853380572953, -14.037137639664623, -3.75775177768715, -14.483478504962589, -18.64328997488772, -13.66764149133988, -6.78873427166577, -1.8526134429752674, 0.0]
[0.0, 0.0, 0.0, 0.0, 0.0, 0.0, 0.0, 0.0, 0.0, 0.0, 0.0, 0.0, 0.0, 0.0, 0.0, 0.0, 0.0, 0.0, 0.0, 0.0, 0.0]
[-9.290952812365433, -0.8634429929588795, -0.0556747501009467, -0.0005145428899743502, 0.12973290661145193, 0.026046640987850277, -0.8685886750438284, 0.16379292015791033, -0.9325521214813113, 0.027822496339707882, 6.695577544304032, 0.07441736652248605, -3.489523071617384, -0.013366365018925502, -0.02033732028027912, -0.20025275551214816, 0.8863435263120737, 0.00031849187846709086, -0.0026416261392667997, -0.13540913170350208, -0.0005676607771208602]
[-0.0736735142693231, -11.891690109523287, -28.240616859279566, -24.70593350861777, -19.193216803408664, -2.5359819061727755, -1.8248876737414574, -2.6945571770773435, -0.7224040795165048, -15.522238352398112, -21.356782849635223, -22.56123314291662, -12.218538240969806, -13.608992889149988, -3.9857738621124907, 6.934586771797234, 208.17361556338935, -37.08576621535215, -16.133323137762567, -7.511404602974925, -0.0005170027824860462]
[-0.007454730035099479, 0.0012756207227814763, -0.5912247106890274, -0.5119880575126557, -0.00407602099511988, 15.972711179771752, -0.000658802737830604, -0.0017082779966630603, -4.450136510753515, 0.014839984224632775, -0.008894100558807018, -0.010695724935462511, -0.013547762876370705, 0.06128270008360582, -0.023567770303948486, -0.01790670329778659, 0.034438192412437584, -1.1369739111468307, 0.0031131748873252205, -0.9290232858219096, 5.675691974587731e-05]
[0.0018630094334691743, -0.004066906062603892, -0.0018273139353356083, -0.016106905449552518, 0.0038774415299205355, 0.09670945813835556, -0.021558962829547033, -0.0022084158190739203, -0.00020319778568188824, -0.010601765069358497, -9.599010243967281e-05, -0.003577958841105292, -1.4473788307485054, 0.0024911939781849927, -0.0017863681700121307, 0.14703174130607422, 2.1738502595724314, -0.10046758193665635, -0.04111797839692537, -0.0009409906005600464, 0.0022143015289583217]
[0.0003565182971258097, 0.0017250198605679552, -0.0025520662457626025, -1.0140448493726728, -0.008711120234920596, 0.00019950868861492326, -0.001308114144709824, -0.0007547090902345182, 0.002701073390480684, 1.0427824837033646, 0.006735627403321695, -0.025961937769058422, -0.005787364418170266, -0.008583222121755486, -0.09042448917995387, 3.0536877997817946, 0.8873634111692669, -2.033423470281795, -0.6932388609098182, -0.011459178393503652, 0.04131214585268652]
[-0.0013145529149209247, 0.004902238957553711, -0.01708645868278008, -0.038088709637837025, 0.005252830444567521, 1.9144595776001978, -0.00575132555249523, -0.01039457687380482, -0.001093117405366686, -0.00033281558751300545, -0.004746944521164614, 0.07699966492022163, -0.00022356121987023391, -1.3948705947855675, -0.0020296034408608657, 0.028475920999142156, 0.16635312508047156, -0.8431495969604129, -0.008355510654019646, -0.026424960146014, 0.7927983470515997]
[0.0016810187402178, 0.0010165781047172214, -0.011477416643164097, -0.20103040446578846, 0.0008194055775712668, 0.3626818777795276, 0.0030691736767042067, 0.0019712051235217676, -0.00211107718839778, 0.002500180500447136, 0.0010374163488562813, -0.002028257978400991, 0.0005418230624093869, -0.024472884653793426, 0.0009088377540849317, -0.0015410380598380015, 0.09784763833589467, -2.0442864114155825, -0.002413510903394458, -0.010929903746304018, 1.3375941846287915]
[-0.16037831469795064, 0.004687183914669114, -0.003951667757715183, -0.5747852052858834, -0.03776897856119009, 0.088313342938999, -1.1739375360791495, -0.29490679612929344, -0.008010307058038535, 0.040307638018044975, 0.00020052840210042037, 0.0037074299013248146, -0.00947652668678934, -0.002099458463552793, 0.004980103899747694, 0.0067997768784683775, 1.3076542254707113, -0.767544051930117, 0.0015625471974565995, -0.0003984529526959395, 2.255596045262602]
[0.07420098271480735, 0.0004901402992848608, -0.00933536386022649, -0.005403984250503457, 0.0005649651584803265, 0.23438825774393907, -0.0008257779127984308, -0.01592967884898649, -0.00211107718839778, 0.007031978273286486, 0.032351084907761944, -0.4640741520716412, -0.004726447877808545, -0.01644681846489993, -0.02110332607654654, 0.32319408937926347, -0.0009219609320265593, -1.2593366290407406, -0.0043085476841831505, -0.0018507044007163617, 2.372647022175604]
[0.15920652630358534, -0.005123090818517033, 9.708678995826944e-05, -0.001051170821804015, -0.0226629235679575, 0.004496110267237065, -0.012327448201567134, -0.6191747401101273, -8.592693597739255e-05, 0.17398293304396195, 0.005515283067838393, 0.00873235981826806, 0.01899950706291789, -0.0035026364957053604, -0.013589854103179392, 0.0025612888305757376, 0.003475668488235027, -5.973782477697902, -0.002366434412913603, -0.07656081754677534, 3.032232379332685]
[-0.0005295064636947314, 0.003057411321280557, -0.0023703133759478837, -0.010678088654807011, -0.7975044846857517, 0.01480678867690916, -0.045383303483964355, -0.14095765650901426, 2.7422086168225844e-05, 1.6135064592996986, -0.1116089646071242, -0.0036642268904324496, -0.3177352128884647, 0.0049662252607601, -0.002638999223615877, 0.0010838916642296388, 0.0034590292435743193, -0.04239883906920464, 0.03544547598780247, -0.019043710094732887, 3.4571292956466095]
[0.010185608074132152, 0.06636754273572994, -0.06525400191238327, -0.1324642686629931, -0.005285123872107027, 0.296504540548293, -0.008292151080639342, 0.00032634583689746834, -0.0009291871679517491, 0.02325733711246941, 0.00894573092862555, -0.0056398591957875395, -0.018823931569326914, -0.00036049860613554383, -0.0021511023793837083, -0.02942904982643001, -0.0016383103783295756, -0.003349895021169346, -0.023577639837554728, -0.005330207759137279, 3.2879057601338992]
[0.014383349151819918, 0.0019292194852441637, -0.8388368715373072, -0.010695724935462511, 0.0001696856857054363, -0.002979896708330914, -0.016930938302897835, 0.0005803946449371383, -0.01860479143139664, 0.160459949648337, 0.0033730032784311565, -0.004238359614951368, -0.00017636768291752456, -0.0012787501832203956, 8.371719237393206e-05, 6.905524357806323e-05, -0.0006726150411869163, -0.00269240733743725, -0.0049672081341416655, -0.0006313570294931401, 3.298551285911234]
[0.02247792889163051, -0.0002584817597166345, -0.0006564456946404982, -0.0029032153824421346, -0.002919471209201191, 0.15285164550512487, -0.01208859453755077, -0.007523071964453538, -0.00016661078673652386, 0.008310803131072865, 0.25358686245678036, -0.0029343985694368175, -0.6323439888637908, 0.00031149394978098865, 0.007163080928010886, -0.018851978373059623, 0.0017284586571226414, -2.982611632788217, -0.005327990081613614, -0.0435527848903349, 3.2817670620207573]
[-0.00018305188528359455, 0.0011047464248441434, -0.003181912138353361, -0.011010963457040626, -0.003278322296332133, 0.19721068429957872, -0.8498621801026041, -0.0014625490492731624, -0.09982180962311557, 0.03954741276395621, 0.0010784731974538165, 0.0022639805127392994, 0.0001920680260355585, 0.003979267621742416, -0.16985833235688397, 0.0022903276317570486, 0.0012163649838802747, -2.001468847248511, 0.0026559941709051664, -0.040871607067630884, 3.021621692786265]
[0.010354784236534801, 0.009481393272126968, -0.027808191427504198, -0.0033727342434241073, 0.016532122331710405, -0.0014425680841637205, -0.24308527239204583, -0.0005026634555571521, -0.0032606361318183296, 0.003492825769135888, -0.004605356918290186, 0.0002767175635849112, -0.011866263519758554, -0.0023243621863050733, -0.00023767634176958248, 0.004284149731401196, 0.0013376440915468571, -0.051066616659540966, -0.001479677087688143, -0.0064547245263681646, 3.535191260877021]
[0.0051445182912824615, 0.008802738245565959, -0.004778865447936311, 5.51182652546091e-05, -0.403342212536032, 0.13883751804985206, -0.02462913191685619, -0.0006851641828720115, -0.0009595926700870217, 0.006705884616054392, 0.010303712637249605, -0.0010777504265633365, -0.0013388549002262028, -0.00687870949026706, -0.0025953562638000548, -0.12142678790474237, -0.00010892191873338541, -0.005668408586448784, -0.01566317955688288, 0.00015848913547090703, 3.4916387648358596]
[0.014383349151819918, -0.00035380571290954824, -0.004630145759906407, -0.508940037935537, -0.0022133184950051308, 0.03464600930090399, -0.0004591490574938917, -0.004040392444529743, 0.00020211485411392353, 0.019874182920788495, -0.00019893001543637299, 0.0002612460700105039, -0.002383609471581354, -0.015576386765208646, -0.014900753695641642, 0.0005660014745582022, -0.02410571512525337, -0.00027093839444485316, -0.0047621676761917305, -0.0007423960470710884, 3.8493625497773305]
[0.0038427865128849276, 0.0012596240799941966, -0.21271967742170533, -0.08345734566162391, -0.003492437458038321, 0.09935097132443009, 0.0005188705936809317, 0.00502107670738489, -0.002637206318278267, -0.0030427849732144303, 0.0030701936296308675, 0.0007262737448376173, 0.002092843847782369, -0.0002944347245778887, -0.007093373260721153, -0.010492114984209185, -0.009714794554935348, -0.0023653347766322903, -0.004761439319816824, 0.00028675107760515876, 4.020385693361585]
[0.03244650422396445, -0.004596898702637059, -0.004156992460524855, -0.770368171081643, -0.0015286258273613676, 0.03063507530100411, -0.05403933307027698, -0.006495073871528675, -0.00028320078744777837, 0.06556523164800446, 0.000652055541649528, 0.005801270075223071, 0.0006464745816390689, -0.03057979114959117, 0.008271759619048347, -0.07738388907512592, -0.031154225878808697, -0.0003329304594195469, -0.001431734894385752, -0.020510248316861074, 4.077946323016805]
[-0.0019338864379678288, -0.020106543388249538, -0.00160002393004007, -0.847246148726661, -0.024236368668158658, 0.0024858508735836555, -0.00020232646561779794, 0.00025695789205446067, -0.017822815431587893, -0.004246653447526081, 0.04942818536960382, 0.003554205947560494, 0.0005463516274902628, -1.429682599503897, -0.0006482455170352683, 0.0003407249017075702, 0.013992064908055149, 0.0008450153687701503, 0.00595347237489532, -0.0023748706205243423, 3.7358039849103784]
[-0.003278983541158659, 0.011949309503757218, -0.08284324052753382, 0.12122090837479264, -0.0009494608875027939, 0.0011830022308978471, -0.004628890789493831, -0.00787367585739315, -0.0012297860843010228, 0.39708334095647546, -0.00852712714380739, 0.0017193180163858077, -0.021574027385514644, -0.0108828201321143, 0.00015833700019887362, -0.011647846095157524, -0.0008258716698317369, -0.10855780605468363, -0.013442802303544391, -0.0002877843728026993, 3.808007579583063]
[-0.001049725815702705, 0.0557754088934689, -0.0065948222509311935, -0.05535854750293394, -0.002180696393763568, 0.6705093895541216, -0.057874091518571945, 0.0037550628923342984, 0.00165983469277306, 0.0008066401329819406, -0.0052643121761661235, 5.514332884488991e-05, -0.038629800333207724, 0.002433612432345225, -0.0024065157480995234, -0.002647810467458992, -0.0703358733491182, -0.2668120232956444, 0.002986446186545098, -0.0027664150511701735, 4.028342761938832]
[-0.000800592996828518, -0.005076148192052999, -0.025572075458579768, -0.0035078893105027088, -0.008002698588727085, 0.009844091355035308, 0.0001878324236066318, 0.0015971916177799565, -0.006792680423087894, 0.01591177332445522, -0.003464693950920856, 0.005431603649435183, -0.0006214412035981615, -0.015663512208052493, -0.007328349533621304, 0.011050151462781316, 0.000731410080789033, -0.005399249241866609, -0.09434600916974849, -0.007919223993245555, 4.6103666077308985]
[0.11064596693594284, 0.00021419438592549966, -0.003473023098950628, -0.07753761673482852, 0.00045938179246003956, -0.004403508830760023, 0.0009706572955293715, 0.0019712051235217676, -0.004175171755849716, 0.03586234793345821, -0.03836589980002272, -0.1818298511228009, 0.004166859551416025, -0.0009438230738354354, 0.00041619636783565107, -0.0017741661063272658, 0.017883387134165773, -1.2536799913303818, -0.1364481376168709, 0.0002881268691319975, 4.758863963820235]
[0.008421090945301388, -0.02921423615722064, -0.0986160618903799, -0.0002615225567672326, 0.004764809609497924, 0.0016044197815696826, -0.36030808859816416, 0.00036387721878199564, -0.518858991746538, 0.01882182789635853, -0.00537442059401315, -0.013072845116046226, -0.37103135674782234, 6.908041689473936e-05, 9.830578546581357e-05, 0.0007015952656222093, -0.014601411955084288, -0.0034105164243641737, 0.06658883135738372, -0.0008547607684399692, 4.6292141343356334]
[-0.0034572593381983633, 7.788909931297494e-07, 0.0038889084981950446, -0.013801242416038405, -0.0300126642125188, 0.009940644105590483, -0.0025571553295449983, -0.00015833991635818293, 0.004808241112923386, 0.02845154077934799, -0.0011225594727080227, -0.005543403118959113, -0.0002965630587508473, -0.014917588172138787, -0.001986581415186406, -0.0006805080054036583, -0.001273528313995099, -0.48053272286896775, 0.0005856314334873163, -0.00012719591930799342, 4.617897340744056]
[0.02249794403852161, 0.0005238808028725109, -0.010722743587306308, -0.995394660173665, -0.03720646500127755, 0.005921793924225359, -0.03461292109565731, 0.0015512693246373963, 0.013648371188865565, -0.0009430914341892554, 0.008882139389526516, 0.000495462082446617, -0.010799216962255621, 0.0001858850221412012, 0.0010623355644464282, 0.00042450204570297406, 0.0019312993736846158, -1.0197280909525905, -0.0028441512808095788, -0.00104204590140217, 4.5802182172595]
[-0.005862026915747479, -0.0005985933642951293, -0.023391261662011432, -0.002160192574117026, 0.0006390004431507183, 0.006926261372337946, -0.0032343155578954687, -0.012159627797897353, 0.0006603228983085689, 0.005244093916730598, 0.0003432817196834319, -0.0006849678978177417, -0.00014478969337675666, -0.09625906531417676, 0.022162140614914165, 0.006937747274738088, -0.054389864085922904, -0.002804453237929899, -0.021142494180403933, 0.0005998628357002747, 4.277254099837822]
[0.016457546065006348, 0.002043134662101278, -0.0036730140271920074, -0.02583578638218088, -0.015224522168104783, 0.007647938289564466, -0.01600444858962985, -0.0003263512681959416, -0.00032570623280942884, -0.0004793058563143019, -0.002226056578409916, 0.004293623258150123, -0.009430465734194654, 0.04258437100013375, -0.0006229732437238519, 0.013199450638831895, -0.6431785987193086, -1.5257565898664722, 0.0014559863386769776, 0.0004918162362339601, 4.4176654150608075]
