[0.004292022279672332, -0.0029256474819877283, -1.7042496493424826, 0.0067920681667610755, -0.04679921619954387, 0.02951458815644853, -0.008047133449649775, -1.697472010055588e-05, 0.0017794524405338593, 0.00926842500447258, -0.0008970685414700678, 0.08897380716401194, 0.004741953160220344, -0.009692131114362049, -0.06744766796089446, 0.005671676566509203, 2.120009651794907e-05, -0.05355432873220454, 0.010989186440056451, 0.019747042333458753, 0.008359523802913816]
[0.08011821091415458, 0.004292022279672332, -0.12939520218794048, -0.13431111929513337, -0.12555306395356555, 0.05701576983750165, -0.041751949007393076, 0.0026431561267226465, -1.1231336861427232, 0.12590799081623144, -0.04077741318864454, 0.03210990920076394, 0.012294093419540646, 0.011203603692291514, 0.003100745873116341, -1.8223345671106543, 0.002118117905069348, 0.008642741707152771, -0.004387284031469605, -0.03897840015568158, 0.008359523802913816]
[0.039338159148533766, -0.15668363555963977, -0.05046883860547162, -1.9057595996978207, -0.27600425682512275, 0.027059834886358443, -0.00418601469975141, 0.00012908494234285662, 0.0006962515559375411, 0.012075306876767134, 0.0036707893279454315, 0.014421867993739965, -0.00026054169600825525, -0.005257835590413852, -0.024529036841899294, 0.005163192078789486, 0.002796549755823847, 0.020450880966553935, 0.09348589359492174, -0.10124713001121945, 0.015419372421363457]
[0.23452084960105507, -0.002705995856588379, 0.006576940873324, -0.7043328919582232, 0.0033868549484860995, -0.0016843865791212561, -0.04856878023959122, -0.003751965521506324, 0.0782344156169844, -0.0057840525624120245, -0.006492187679749651, 0.003795625263057793, -0.006128676909515519, -0.014961272288093038, -0.0031932110446648097, -0.003910805490787503, 0.07381907448499166, -0.015522470106023672, -0.00021583996721681736, -0.012190891824769791, 0.015419372421363457]
[0.0029225851498020476, -0.02097023428456238, -0.001101765526434959, -0.022961436680713782, 0.0013317912603995159, 0.03474796954183675, -0.13254713691863163, -0.001124327438725847, 0.004000758138791516, 0.001459393381352069, -0.0009902431749446005, 0.022377320290725002, -0.0014657494074770284, 0.004119686738458352, -0.007456591177173422, 0.02027638074487256, -0.03903052182899212, 0.0035418010471503763, 0.002999127667811241, -0.27189215529376054, 0.018218482239611897]
[0.4272442381978426, 0.000691327264345937, -1.9252022974505156, 0.07733207787287766, 0.8911671444426865, -0.011361403074711687, -1.2608921337462344, -0.0037382557530268668, 0.0033340032054943575, -0.02902330313424275, -0.003463512215318766, -0.00118223527188196, -1.697472010055588e-05, 0.005104476683729687, -0.0031932110446648097, -0.0002916221486582174, -0.03130026714257117, 0.004292022279672332, -0.005849690640620296, -0.014749320767894383, 0.021484741289553883]
[0.0067871388066239775, 0.08413408896902193, -1.0717412352666704, -0.056135356910491964, 0.0016329001451779466, -0.06122491610289367, -0.002625135769803918, -0.006128676909515519, -2.657728713246215, -0.4010010078313314, -0.3286140620459824, 0.04759522706054715, 0.0058643022304956495, 3.824600907613226e-05, 0.023568603182739636, 0.04226742870450392, 0.09364154036948269, -0.17106167238357065, 0.0639474463559359, 0.003106255990270138, 0.023319133339510092]
[0.023160750241091176, 0.0012490237063722948, -0.10755296259556499, 0.04734571026361573, 0.012350911161593446, -0.005636223731862642, 0.00027919260856059855, -0.07856489009739957, 0.0013761735175457548, 0.012023757998879645, -0.021042311454820804, 0.0004322830978929701, 0.002650494295929587, -0.30313115668967644, 0.041178869749466086, -0.022882929255738364, -0.0015717516339827597, 0.003078566094380844, -0.018546954897502133, 0.003100745873116341, 0.013790142005125936]
[0.005163192078789486, 0.008615668422478288, -1.0353683994628313, -0.0014828915439618951, -0.0007225985564872488, 0.036585819014661604, 0.009159993523752486, -8.253544573384628, 0.002650494295929587, 0.37095239162778315, -0.00418601469975141, 0.039338159148533766, -0.04463070050816143, -0.011484444305072032, 0.00462713954369761, -0.003043291519979346, -0.1036020474575212, -0.04679921619954387, 0.0006120458693664145, 0.00462713954369761, 0.016520634057804198]
[-0.052064493370522026, 0.008615668422478288, -0.44512038697777223, -0.004600395812379583, 0.0029225851498020476, -0.01630951179918167, -0.0013950113609574582, -0.008293895790266478, -2.4032999772043566, 0.3350890577452039, 0.05694005179520216, -0.00813271056150723, 0.002199167823295127, 0.00027919260856059855, 0.012584542408984224, 0.003248126132825794, -0.014307369270900067, -0.0020964864626479463, 0.0033868549484860995, -0.0031932110446648097, 0.019747042333458753]
[0.0029225851498020476, -0.026141115721136966, -0.058960641693966157, -2.3372946803514694, 0.07155208477217533, 0.010064322434038299, -0.8337139171850385, -0.43036215926292426, -0.0026767004608365887, 0.0348248157979465, -0.003043291519979346, 0.003078566094380844, -0.0031355425478733316, -0.00264818524461644, -0.0008116310284442696, 0.010838029417608794, 0.0013756009959672907, 0.1691893261470516, 0.0015495978811084056, -0.005004143201525835, 0.030684441441626114]
[0.002999127667811241, -1.156206222681917, -0.023941871725166913, -0.06831256058833846, -0.00482245528526247, 0.13693646450636934, -0.00080176731107587, 0.003702327592800818, 0.001017169936907707, 0.017477853084569204, -0.0019261863014785772, 0.08897380716401188, 0.04358194094254655, -0.011786884514230914, -0.009572892056149647, 0.028814024775046184, -0.04080704822849734, -0.00783526626134809, -0.001596048559496728, -0.006553592872178757, 0.03656967907445043]
[0.0006120458693664145, 0.009259882011725888, -0.8815992711993232, 0.0009632649764973263, -0.18504021785592653, 0.012350911161593446, -0.01116621609050306, -0.00043643913320768935, 0.001017169936907707, 0.0059445980177476685, -0.07211186453077316, 0.003795625263057793, -0.1943493466685176, 0.001967213450764929, -0.025764831919071324, 0.013445970958390965, 0.4172810391862709, 0.012350911161593446, -0.004127367220997368, 5.545489097475698e-05, 0.020091663328282217]
[0.018960631505473606, 0.01514096003756588, -0.7025217683596593, 0.004633524571999524, -0.00021583996721681736, 0.014158272021506319, -0.007126946039831183, 0.039921914377236294, -2.4032999772043566, -0.02591045027478424, 0.014421867993739965, 0.09394219818251758, -0.014749320767894383, -0.007126946039831183, -0.005004143201525835, 0.004633524571999524, -0.0029256474819877283, -0.019094686527337763, -0.0028643044486422195, -0.0007091864992873993, 0.007772151152210383]
[-0.07796747845981734, 0.002449479778304382, -0.014655591781615145, -0.0032523898704792838, -0.018546954897502133, -0.0028643044486422195, -0.0033330481102987063, -0.09463919010606686, 0.0027491040991559942, 0.056728106614923494, -0.29798876280323905, 0.028814024775046184, 0.016536266118811465, -0.0019261863014785772, 0.033498651583813745, 0.1605293579892584, -0.049889038568532725, -0.07918818887079887, 0.04804711477527598, 0.0003773814538730112, 0.008729838190245046]
[0.022377320290725002, -0.005849690640620296, 0.0004686997627412861, -0.10080612444230698, -0.013426245713779428, -0.0030842204505702572, -0.0010893494984256123, 0.0002239123944716043, 0.0027491040991559942, 0.1512637244719102, -0.1109891401915564, 0.004804137772412227, 0.00905616016860673, 0.0041686590170897375, -0.0018393041100715243, -0.02702849066655989, -0.04365936449572699, -5.1033901323211464e-05, 0.006778851409002304, 0.005136566273578714, 0.008729838190245046]
[-0.00036905279460994504, -1.2353697154089414, -0.007599251842177046, -0.052064493370522026, -0.00813271056150723, 0.301847517913188, -0.010811782138461066, -0.00714203264501666, -3.909434084915904, 0.04631192765751969, 0.0909125959237134, 0.014898922064437662, -0.00018243739521015069, -0.020656286560131902, -0.006553592872178757, 0.005671676566509203, 0.0022038112460150976, -0.00482245528526247, 0.0062095484623602955, -0.006128676909515519, 0.0017899365599453828]
[-0.12146720601405948, 0.0035418010471503763, -0.30984655326441596, -0.09373835405258116, 0.018045545349807336, 0.002999127667811241, -0.013782439680960054, -0.27189215529376054, 0.007806494420489267, 0.15804115161265958, -0.05087039611423308, 0.46604149422499647, -1.697472010055588e-05, 0.029683866061417787, -0.004448175671273953, -0.0008081976868455562, -0.011410113531652217, -0.0030842204505702572, 0.002281482115613693, 0.0023319570089825313, -0.0009359875433417578]
[0.0639474463559359, -0.014373583296597102, -1.0334664634133028, -0.03549194617424643, 0.009283830782339879, -0.0008081976868455562, -1.2797094266445437, 0.015419372421363457, 7.346753315102152e-05, 7.663496107185701e-05, 0.03134766328400074, 0.015872294549248878, -0.5646869087398795, 0.005648677630812172, -0.03897840015568158, 0.017722058857042006, 0.014469657117424602, -0.0018001687184910624, 0.00802067256868293, 0.003139323870674959, -0.009616744435040594]
[-0.00418601469975141, -0.14402325282262837, -0.012285437056098874, 0.04226742870450392, 0.002118117905069348, 0.15713944229571356, -0.002436318724365746, -8.965164936891302, -0.0004435363211466767, -0.0003253427534128835, -0.20294415044449543, 0.02951458815644853, -0.0008116310284442696, -0.024774731782569392, 0.0011505212916511746, -0.012357611108846055, 0.08138168987158922, -0.004127367220997368, 0.04184839934375381, -0.01280315029384514, -0.00788817662828383]
[-0.012357611108846055, 0.04226742870450392, -0.0024012762064574847, 0.007371860991729085, -0.043273783928425395, 0.3262098448965795, -0.004401567782744252, -0.011098862851137727, -0.0020753156270782044, 0.000825311666081641, 0.0014671008555083907, -0.044245303314590666, 0.003574032845059072, -0.038805544442670974, -11.325752069859117, -0.04799990069318131, 0.061198779314307866, 0.013959066628375169, -0.003910805490787503, 0.024381970272895525, -0.006447028837973285]
[0.32702909129175434, -0.01946783748478962, -0.297721552480777, -0.005853012106778708, 0.12143205381886944, 0.2628479250145913, -0.007126946039831183, -0.0031932110446648097, -1.376357618346095, 0.11413092995096558, -0.003043291519979346, 0.018293318896254674, -0.494748508385143, -0.007179093545500489, -0.0014657494074770284, -0.006492187679749651, -0.7923265712700163, -0.13239724067873193, 0.0002600584474781323, 0.023319133339510092, -0.004235055092834418]
[0.00035540401869735814, 0.03752008647838789, -0.10755296259556499, -0.0010893494984256123, 0.3100513404801501, 0.050499043337777834, -0.0016602226104190136, -0.23046551467599782, -4.1562764443198965, 0.001459393381352069, 0.00802067256868293, 0.036052540079476975, 0.02213542945493928, -0.9193979326516383, 0.0026431561267226465, 0.006811633777595221, -0.002520474446757589, -0.02614111572113706, -0.019094686527337763, -1.4876974545744277, -0.001132213301920933]
[0.0004322830978929701, 0.03029544868343009, -0.00878078819248237, -0.017126445298899794, -0.004600395812379583, 0.02099062675624393, 0.03648245000344903, -0.1364665288803439, -2.4032999772043566, -0.0028653191259892944, -0.014961272288093038, 0.02642157015355422, 0.033498651583813745, -0.013712830889577749, -0.23046551467599757, 0.005211485770274973, -0.009185268016643969, 0.002449479778304382, 0.005671676566509203, -0.0033330481102987063, -0.0004435363211466767]
[0.027782953153837088, 0.0067871388066239775, -0.41463643715199194, 0.00011129335069440958, -0.029669595282303635, -0.0007225985564872488, -0.022961436680713782, -0.004339653211460546, 0.006613001608764076, 0.059666031497915085, -0.000543743468343416, -0.004895227769661481, -0.020838296446845983, 0.002474114361389749, -0.0013188428083654995, 0.015457122353936007, -0.003534450253910695, -0.006628934522561918, 0.4513947278326541, -1.7028392432123607, -0.16499819083934283]
[-0.0043509895794848815, -0.000543743468343416, -0.08921618538896522, -0.001720272793778358, -0.01630951179918167, 0.12790113967179054, -0.006553592872178757, -7.062118145739461, 0.0033340032054943575, 0.051265747637091415, -0.04021033537455637, 0.6977453481904923, 0.00905616016860673, 0.21590424679857892, -0.033962536070394754, -0.0030842204505702572, -0.027602945612982734, -0.010698551215060656, -0.006203461586525349, -0.11572735998182945, -0.04370671316526817]
[-0.35660415013047597, 0.11220980563075249, 0.0026216523144555093, -0.005257835590413852, 0.007371860991729085, 0.004739747910322924, 0.02526624508516849, 0.0026431561267226465, 0.0013761735175457548, -0.003452794601508042, -0.038805544442670974, -0.018546954897502133, -0.27189215529376054, -0.002135279959523414, -0.0008975157428135506, 0.018045545349807336, 0.007993107145707268, 0.001498882730593366, -0.007631859054866327, -0.002029334234168065, -0.002948137167730816]
[0.002999127667811241, 0.7531648408948961, -1.5538033772809423, -0.013712830889577749, -0.09149984135751993, -0.0033076593504312575, -0.005729086308918962, -0.025764831919071324, -0.0033889227724594666, 0.014469657117424602, 0.013445970958390965, -0.005321389069965943, -0.09463919010606686, 0.028814024775046184, -0.494748508385143, 0.2006870394998622, 1.084441775495227, -0.6681269666027494, -0.044245303314590666, -7.539618603309624, -0.0007325619707214497]
[-0.00482245528526247, 0.027782953153837088, -0.04338353900036451, -0.07728060193312594, -0.0009902431749446005, 0.018548448717404287, -0.0016602226104190136, -0.014193281238246844, -1.6330269181339712, 0.07847867112350189, -0.49025187276972393, 0.011203603692291514, -0.044724834090038974, -0.000543743468343416, -0.029585136893877, 0.43927679109880485, 0.023306098952479145, -0.32348168642875347, 0.01514096003756588, -0.0884911310121307, -0.0007325619707214497]
[-0.02702849066655989, -0.3995431980107482, -3.6583667114764986, -3.8404595888995483, 0.0020416599437523405, 0.046834967392156285, 0.01301543648514764, -0.05393335336226259, 0.040576556559603634, 0.00810138823592981, -0.003910805490787503, 0.05683529191336434, 0.003106255990270138, -0.0013775770227480836, -0.008459008135125025, 0.02481282844748537, 2.3318136271505647, -0.153097066919025, -0.45863699579385053, -0.0031932110446648097, 0.0]
[0.0, 0.0, -18.629937176666186, 1.672696790064814, 4.853735371124176, 0.0, 0.0, 0.0, 0.0, 0.0, 0.0, 0.0, 0.0, 0.0, 0.0, 0.0, 0.0, 0.0, 0.0, 0.0, 0.0]
[-10.854699735476942, -0.005008393018056823, -8.264801639430583, 4.346114302210712, 3.1881567919056097, -2.162487423359754, -5.377660781043891, -0.005243091667255545, -0.28374912352503373, 0.3761311750127475, -2.7334922645022046, 0.00012908494234285662, -0.001124327438725847, 0.0052204525497488545, -4.891391170452084, 0.000801578940721279, 0.06677578241429728, -2.7334922645022046, -15.554383008774767, -8.49098351048034, 0.0]
[-0.002029334234168065, -0.03871306558723465, -0.5605156738132508, 4.061254110866382, 0.1392424524532966, -0.03424189644986679, -5.861422432376573, -2.4032999772043566, -0.4472727832754555, -1.9905682099373387, -0.007913910315903662, -0.00639309782828064, -0.020838296446845983, -13.206737426477677, -4.891391170452087, 2.88759248911867, 0.00346277532281069, -18.13704450486048, -3.3401208749608355, -0.0012825176965461193, 0.0]
[-15.084962152333304, -11.325752069859114, 1.24415442551654, 1.749130096074015, 0.9387229191820545, -3.2170804161273097, -7.062118145739461, -4.1562764443198965, -0.0004435363211466767, -0.009692131114362049, -1.4876974545744288, -0.019484410216810844, 0.0004081233333545174, -1.3827100222684436, -0.0016694217010951185, -0.0028308224712336426, -0.007126946039831183, -1.9238599570810955, -13.911248944350843, -6.822831316354711, -0.0007325619707214497]
[0.006376205257767896, -0.03897840015568158, -15.325287907252354, -3.902275489298545, -5.543719985607741, 0.03648245000344903, 0.004145180450232988, 0.007566080142135114, 0.014428731558248076, 1.6159904400232423, -0.00018243739521015069, 3.14120936326591, 0.04350380734917238, 0.0295721492471257, -0.036913811087513654, 3.0512229992937674, 0.030111728247097336, 0.03401178705524237, -0.11572735998182945, -0.009616744435040594, -0.002948137167730816]
[-0.00264818524461644, -0.0022174163759872186, 0.008055087470821166, 0.0012266194000382664, 0.23052978256213863, -0.05646397975134192, -0.012413256757278767, -0.1364665288803439, -0.8781324037062, 0.09048791218130815, -0.04338353900036451, -0.008000260153428102, -0.0006247037900461116, -2.3372946803514694, -0.494748508385143, 1.5239276644471083, -0.0033118001820577818, -0.16206140740652342, 0.0067871388066239775, -0.13211915732326834, 0.07823441561698458]
[0.00346277532281069, 0.002999127667811241, -0.020496064014816715, 0.03401178705524237, -1.0359436964341753, -0.01457304800534962, -0.10644703417035697, -0.0305194445838933, -0.0015657301782084924, 0.8919130338617418, -0.08591603571488736, -0.013712830889577749, 0.003100745873116341, 0.0025512741705774307, -0.07728060193312594, 1.4028385387656004, -0.00017572148625340716, -1.2558755321853872, -0.03757449549132937, -0.01116621609050306, 0.24572458502035954]
[0.001044827540588896, -0.007293909599781636, -0.011514390042645088, -0.017766107085734496, -0.235943749418177, 0.03328844613439372, -0.019484410216810844, -0.1943493466685176, 0.0003341918222213673, 0.006017750225256142, -0.0020667804021308597, -0.00264818524461644, -0.005235909836575306, 0.008083280397510538, -0.639879443448821, 2.099227426986517, 0.3310590440896021, -0.6300155120818053, -1.614612778051396, -0.3160085406721543, 0.22633019670962817]
[-0.0033076593504312575, -0.000993859377815803, -1.3593824995838757, -1.4948218460825766, -0.01934034735483571, 0.005163192078789486, -0.39521369450365523, -0.16316348185383484, 7.346753315102152e-05, 0.018125226558475056, -0.01630951179918167, -0.0025626222334010846, -0.0031355425478733316, -0.009568523987231728, -0.01735121488627784, 2.9836549192461885, 0.06275089221919886, -1.0121831523103193, 0.0012490237063722948, 0.04850842107348758, 0.2968610302813618]
[-1.34804988385877, -0.07796747845981734, -0.3457864977771333, -0.01069631973426891, -0.0014828915439618951, 0.20359178636900027, -0.005739291218908891, 0.0010788917691283589, 0.009150810003123172, 0.008647342500052653, -0.03188401355538719, -0.018546954897502133, 0.0011505212916511746, -1.9057595996978207, -0.025764831919071324, 1.2284845002575047, 1.2505186779167314, -0.03563015095833082, -0.21779438422996378, -0.01951794183765924, 0.23767574071575134]
[0.010179311938922572, 0.009333456639879138, -0.02890977797101464, -0.04609045517100888, -0.06122491610289359, 0.011519924155138368, -0.008993158516334159, 0.00905616016860673, 0.0017794524405338593, 0.006017750225256142, 0.010347899383034223, -0.1323025869635356, -0.23046551467599757, -0.0019261863014785772, 0.00030031832267083037, 0.027782953153837088, 0.03404546037624271, -1.4055783436310183, 0.008642741707152771, -0.0024290260691016705, 0.22032211652798478]
[0.0041686590170897375, 0.21911845922928924, -0.09924160738799753, 0.03697427663668999, 2.120009651794907e-05, -0.009637616580255508, -0.0033330481102987063, -0.1364665288803439, -0.0007617463676655606, 0.006373775287115709, -0.1323025869635356, -0.2776700540174633, -0.0018393041100715243, -1.9905682099373387, -0.033962536070394754, 0.022377320290725002, 0.13175082452922116, -0.11549036696547996, 0.07571724927654327, -0.0018393041100715243, 0.18891900926889918]
[0.011203603692291514, -0.07796747845981734, -0.16877943851842606, -0.3659753521673418, 0.5479480691829967, 0.028814024775046184, -0.17140918555190626, 0.0010788917691283589, 0.00014824639272205414, -0.02591045027478424, -0.01934034735483571, -0.000543743468343416, -0.0305194445838933, -0.0004485725423365021, 0.0018362236239138502, -0.04021033537455637, 0.49447548393510665, -0.07616255184624444, 0.0029225851498020476, 0.006563814055150883, 0.12741848752258045]
[0.019623808856157412, 0.001866054096675715, -0.0340341617631875, 0.014421867993739965, -0.015522470106023672, -0.004895227769661481, -2.7334922645022046, -6.1024804686720175, -0.0026767004608365887, 0.000488643621567431, -0.012556306729185668, 0.008642741707152771, -0.00043643913320768935, 0.031776731163251366, -0.0010026119214671492, 0.003795625263057793, -0.009603383629441903, 0.00016739955752559127, 0.00802067256868293, 0.009501413140561587, 0.1085737805513205]
[-0.008000260153428102, -0.00700267275017279, -0.00010229837852375377, -0.06046774920015858, 0.08869110689076216, 0.21254996546608337, -0.35400825853661105, -0.001124327438725847, -0.0007617463676655606, -0.006859282666084275, -0.011484444305072032, -0.006492187679749651, -0.00714203264501666, 3.824600907613226e-05, -0.03897840015568158, 0.025411456168992996, -0.0005586543770454235, 0.004226886305883524, 0.018960631505473606, -11.090277702875632, 0.08527660714773065]
[0.014421867993739965, 0.03134766328400074, 0.009489953359481837, 0.003795625263057793, -0.200842283144541, 0.07155208477217533, -2.497101030076627, -0.3189198597305617, -0.0020753156270782044, 0.001459393381352069, -0.233211482397551, -0.0013775770227480836, 0.00462713954369761, -0.0003541250031508931, 0.010041481251162505, -0.003261111997533867, 0.0007456428225308376, -3.535451499191919, 0.06054356069720678, -0.05883680404130652, 0.25642108461731405]
[0.0719283754347314, 0.02951458815644853, -3.4320554580290676, -0.233211482397551, 0.0007711055719082701, -0.010465605414028937, -0.022961436680713782, 0.009786822437176348, 0.0006962515559375411, 0.008647342500052653, -0.5182657802411884, 0.02416682026467688, -0.005004143201525835, -1.575091260137962, -0.09463919010606679, 0.014158272021506319, 0.011423791115391596, -0.007631859054866327, 0.019682261878070713, 0.18006652023410707, 0.3963194725604537]
[-5.1033901323211464e-05, 0.0261468454374431, -0.3775158974101849, -0.02702849066655989, 0.005211485770274973, 0.07733207787287766, -0.5379182521440049, 0.002650494295929587, 0.003702327592800818, -0.12939520218794048, -0.018847632341880142, 0.1003376077620456, -0.23046551467599757, -0.008047133449649775, 0.008626851458492145, 0.013229341699472234, -0.9124291303363328, -0.013426245713779428, 0.039338159148533766, 0.03229334292201269, 0.5175505081326955]
[0.0017841994769137689, -0.002705995856588379, 0.012037907340655657, 0.023847422589561126, 0.007371860991729085, -0.03549194617424643, -0.041751949007393076, -9.051002172162415e-05, -0.004235055092834418, 0.006017750225256142, -0.020656286560131902, 0.03265095439685731, -0.009604910823306518, 0.053845716878603476, -0.10124713001121945, -0.45863699579384987, 0.02627341042022957, -0.05443234649172975, -0.13431111929513337, -0.004401567782744252, 0.4449483693518494]
[-1.2200314548245708, -0.09187424832260092, -0.13394137889830102, -1.096151854210763, -0.0020073065288618024, 0.02951458815644853, -0.016940060896540515, -0.008293895790266478, -2.1474794669740978, 0.0074901101162793615, 0.0008821760278250654, 0.016180878451370506, -0.04463070050816143, 0.0031885303459052994, 0.009501413140561587, 0.004226886305883524, 0.0269515052885425, -0.7074304165408555, 0.5034352018832102, 0.035020679024165655, 0.4224001099527628]
[0.025406342090044623, -0.0045804696998638155, -0.0008331274555301442, -0.04242030255084202, -0.0018001687184910624, -0.021714597030233627, -1.111633851883252, -0.009604910823306518, -9.051002172162415e-05, 0.0468349673921562, 0.003729698935274393, 0.01276413356222326, 0.00905616016860673, 0.010347899383034223, -8.728184809654218, -0.023479189840853808, 0.023426667564445676, -0.037510528538873655, 0.0025512741705774307, -0.01735121488627784, 0.400680430906638]
[-0.0012845158086096905, 0.07980391949504381, -0.13394137889830102, -0.561761647374036, -0.0020073065288618024, 0.012350911161593446, 0.018218482239611897, -0.0025887035522269173, -0.0026767004608365887, 0.00993286755546674, -0.001596048559496728, -0.06637555159195785, 0.028104702485027194, -0.01934034735483571, -0.029585136893877, 0.004226886305883524, 0.005813007508465378, -0.18454122891863534, 0.0026310911910053187, -0.0005246120900628758, 0.5716110295865686]
[0.0033868549484860995, 0.14929902080238747, -0.0005744919143733891, -0.03549194617424643, 0.0007711055719082701, 0.7034231474247928, -0.5916227167396745, -0.04463070050816143, 0.004763306738576007, 0.008647342500052653, -0.029669595282303635, -0.0014828915439618951, -0.1943493466685176, 0.08735644249864676, -0.8930837078517754, -0.0039052166755278216, -2.4676015113901686, -0.6802888531448421, 0.008698059547748278, -0.002862440913024402, 0.5461022986540798]
[0.01844745530388985, -0.003463512215318766, -4.6479204478667695, -0.0024895265084472367, -0.0045804696998638155, 0.053575643019935, -0.020656286560131902, -0.014749320767894383, 0.0006364813387013467, 0.05028988533050619, 0.002281482115613693, -0.013712830889577749, 0.0010788917691283589, 0.0036707893279454315, -0.036913811087513654, 0.002999127667811241, 0.001013296732686233, 0.018045545349807336, 0.001866054096675715, -9.201939268789916, 0.4972944193331939]
[-0.17778971052104217, 0.18297185169286215, 0.01607750615042532, -2.514821693420513, -0.7281091142960502, -0.006015550493426379, 0.0013855679320498044, 0.006114043527438108, 0.0013761735175457548, -0.006272301101647368, 0.0021995367566261708, 0.010179311938922572, 0.0022228991068037975, 0.009416639685449769, -8.728184809654218, 0.006270580973827628, -0.01231373494146222, 0.002712981256485304, -0.0014828915439618951, -0.008459008135125025, 0.45147583516665735]
[0.0026310911910053187, 0.0016329001451779466, -0.017813377697006683, -0.12213322762281921, -0.009568523987231728, 0.28839505878105576, 0.008189672813953502, 0.0010788917691283589, 0.003702327592800818, -0.0187786903461181, -0.12213322762281921, 0.004292022279672332, -3.4125346004600567, 0.007989661173403762, 0.3963194725604537, -0.13431111929513337, 0.002796549755823847, -0.21430871651866512, 0.0009632649764973263, -10.383197070673047, 0.40867485896800554]
[0.013089604862964158, -0.02097023428456238, 0.012762708365326047, 0.009545015059486324, -0.0028643044486422195, -0.00813271056150723, -0.0018611371843725783, -0.8045005596276656, 0.004316318427859025, 0.0074901101162793615, -0.0024895265084472367, -0.012971933957762954, 0.0295721492471257, -0.022882929255738364, -0.01697367493715604, -0.015804217134683368, -0.002780763135170122, 0.010664460533266359, 0.005163192078789486, -0.24942017575304448, 0.3688910587830716]
[-0.004600395812379583, -0.0039052166755278216, -0.2650163401445061, -0.00418601469975141, -0.0006263359772180578, 0.19239756286202483, -0.0008975157428135506, -0.8045005596276664, -0.0009359875433417578, 0.009293954683269596, -0.003463512215318766, 0.003795625263057793, 0.17786670099308985, -0.06831256058833846, 0.0022710489215337732, -0.06193248124598331, -0.014307369270900067, -0.2860921840896989, 0.06761067413925757, 0.00462713954369761, 0.3501223565244716]
[-0.007293909599781636, -0.010465605414028937, -0.0018709193187289017, -0.386299148939242, 0.05035303967163684, 0.001866054096675715, 0.006272654191809256, 0.0014797689001757044, -0.0033889227724594666, 0.0021456278370170032, -0.20294415044449543, 0.0020416599437523405, -0.0018393041100715243, 0.013736628648435114, -0.010811782138461066, 0.03474796954183675, -1.2188334433890051, -0.001576148161033879, 0.024740959561219397, -0.0007091864992873993, 0.31479877045307597]
[-0.0006263359772180578, -0.006074176925891183, -0.013745766054884596, -0.052064493370522026, 0.039338159148533766, 0.03982541471597655, 0.0018976861262121265, -0.006128676909515519, -0.00016861797022194963, 0.019174383936097387, -0.004387284031469605, -0.15668363555963957, 0.01823114900161723, 0.02104196095889625, -9.438522187430578, -0.038805544442670974, 0.031145695627152952, -0.02358222706165559, -0.022882929255738364, -0.006553592872178757, 0.4195485605868499]
[-0.485626500099944, 0.004804137772412227, -0.017687848546309733, 0.013736628648435114, 0.004226886305883524, 0.1418214053177817, 0.08977762902372444, -0.008293895790266478, -2.1474794669740978, 0.04299293374873605, -0.0037032972124906817, -0.008756121181804565, 0.004145180450232988, -0.004895227769661481, -0.00026054169600825525, 0.009416639685449769, -0.03108436258921902, -2.2054036981345453, -0.09373835405258116, -0.005235909836575306, 0.3805809666688887]
[-0.011361403074711687, 0.002712981256485304, -1.879328130311054, 0.004119686738458352, -0.4508194892689895, 0.015891092078039862, 0.0009244811490982681, 0.04841487501256089, -0.0015657301782084924, 0.00547487010380311, 0.003248126132825794, 0.0009632649764973263, -0.0016694217010951185, 0.007490043336565866, -0.005739291218908891, 0.004633524571999524, 0.004102045159247136, -0.1064859511246259, 0.021674552319235707, -0.01697367493715604, 0.3443711652366788]
[0.012525671688292377, 0.021757515032248556, -2.844667605215348, -0.233211482397551, 0.013736628648435114, 0.0016329001451779466, -3.9675357850731756, -0.020838296446845983, 0.005638139299015275, -0.0028653191259892944, -0.6548740281766482, 0.005126186236901172, -0.494748508385143, 0.0067920681667610755, -0.0014657494074770284, 0.004633524571999524, 0.19167953319628894, 0.0006664852060608177, 0.00018526713934211673, 0.01806607769135777, 0.47378726168482593]
[-0.03245436350199426, 0.001044827540588896, -0.3931514361184186, -0.1948432613769958, -0.001596048559496728, 0.027782953153837088, 0.005668567592643389, -0.43036215926292365, 0.021065400036864277, 0.1881028043518267, 0.0012490237063722948, -0.012556306729185668, 0.010041481251162505, 0.05035303967163684, -0.005739291218908891, 0.015457122353936007, -0.19894389937467216, -0.07616255184624444, -0.002276377998365415, -0.006553592872178757, 0.43279683446003187]
[0.001866054096675715, -0.031979551282531306, -0.025405680304271778, 0.0005332786833569893, 0.056835291913364255, -0.0022174163759872186, 0.004083644086214684, -0.3189198597305619, 0.0006962515559375411, 0.11450453439104238, 0.0062031867323610775, -0.00418601469975141, 0.02213542945493928, 0.008791278361898976, -0.008293895790266478, 2.120009651794907e-05, -0.07616255184624444, -0.6105354542358015, -0.0028308224712336426, -0.37172632414404894, 0.43279683446003187]
